39002033258873
39002025893497
39002055132477
39002030071378
39002060761872
39002017925141
39002031491294
39002068724740
39002033721433
39002059157447
39002036380633
39002033475626
39002022942024
39002050390674
39002043115014
39002050396838
39002080271548
39002004400322
39002002804731
39002002804723
39002119125889
3902051373547
39002050601617
39002038757879
39002071415187
39002041288086
39002082751075
39002106356943
39002036949213
39002104212619
39002015337125
39002002535491
39002030132303
39002039401915
39002111582863
39002068677880
39002118564476
39002055265970
39002111462330
39002097470323
39002022502570
39002035293381
39002040761000
39002102900058
39002029195725
39002111358744
39002080262232
39002038677077
39002074552713
39002053203700
39002081143357
39002014507736
39002050010686
39002026171000
39002104436143
39002016569577
39002025942799
39002100536672
39002013443693
39002052635167
39002055767108
39002102911311
39002037185775
39002043705665
39002087226677
39002118622530
39002038783289
39002076112227
39002017040164
39002017999278
39002029228831
39002035733105
39002097903851
39002015558571
39002082458010
39002014144324
39002090126948
39002076792127
39002106356240
39002065746894
39002055782735
39002075908559
39002056705123
39002069967546
39002033260929
39002027905190
39002014847629
39002029913374
39002009763443
39002077571827
39002033026791
39002006612700
39002018292863
39002034309519
39002098167621
39002029890358
39002060744951
39002041275398
39002031627418
39002040015480
39002087051935
39002102934693
39002004804697
39002006854633
39002050532275
39002025075855
39002025521320
39002033741910
39002004400371
39002085494756
39002036206184
39002017508905
39002069616770
39002081197965
39002069611318
39002016473432
39002054905212
39002027035543
39002041815052
39002082233454
39002060766392
39002027905620
39002055306238
39002030028055
39002080358659
3900207779
39002059213026
39002070194288
39002078170140
39002087283447
39002102941821
39002006854658
39002043300913
39002059093592
39002006920574
39002078296077
39002058975294
39002022833199
39002104435574
39002031813067
39002060940146
39002064083372
39002057338130
39002041747974
39002089357801
39002039405759
39002026806431
39002006854690
39002025128951
39002025128969
39002007942320
39002005938056
39002033288201
39002060768182
39002084743427
39002016603012
39002006854716
39002031206718
39002036230028
39002098142293
39002113962337
39002039877502
39002037039220
39002037020394
39002040029200
39002110935419
39002006854856
39002007736094
39002065328925
39002016617616
39002090323586
39002022837505
39002053056637
39002065181308
39002012554599
39002066038531
39002034285362
39002022932082
39002029179406
39002026688409
39002018202029
39002008082662
39002082091589
39002024395916
39002015220750
39002088721551
39002063833496
39002041277782
39002050197
39002079109485
39002052513133
39002058115412
00000000
39002034710203
39002060049930
39002070557161
39002070557161
39002071095468
39002066208209
39002081367915
39002073780562
39002074144941
39002078788040
39002078845881
39002094621738
39002102070217
00000000
39002074128498
39002052201457
39002006854906
39002072143861
39002071051768
39002036854892
39002025482549
39002030160460
39002031350011
39002033799983
39002040018112
39002022874490
39002038741691
39002029693281
39002088624599
39002088828539
39002063311170
39002033114902
39002071479944
39002111174992
39002106154397
39002006854948
39002025483000
39002016404247
39002025536146
39002088993242
39002065743487
39002016967987
39002098062830
39002006854955
39002026171240
39002076926154
39002006854963
39002073489677
39002089432638
39002073252455
39002004003803
39002022508791
39002026803925
39002006854971
39002006835194
39002041761405
39002038684040
39002021368809
39002059162058
39002022935200
39002066781239
39002015047088
39002055886833
39002013811428
39002002535574
39002004197993
39002087287489
39002039089777
39002082451551
39002049984280
39002111572567
39002035758136
39002105147509
39002030077532
39002033188021
39002034269853
39002026285362
39002039542999
39002051090612
39002065305923
39002033299885
39002055561949
39002073480072
39002033410235
39002050814897
39002115623598
39002069727775
39002080550016
39002068724567
39002049798078
39002098123707
39002056654636
39002078362960
39002065605769
39002087048576
39002073523426
39002058648149
39002031268064
39002098123319
39002106869994
39002030371448
39002004608650
39002043148874
39002070684338
39002076827741
39002053113990
39002039228524
39002098606727
39002110694222
39002002535608
39002028790914
39002028970300
39002058135014
39002050594770
39002081890031
39002017472649
39002006949516
39002025485229
39002035815175
